1 1
10 10
100 100
1000 1000
5000 5000
10000 10000
15000 15000
20000 20000
30000 30000
50000 50000
70000 70000
80000 80000
100000 100000
--------------------
1 1
10 9
100 15
1000 23
5000 27
10000 28
15000 33
20000 31
30000 35
50000 36
70000 39
80000 43
100000 39
--------------------
1 1
10 4
100 7
1000 10
5000 13
10000 14
15000 14
20000 15
30000 15
50000 16
70000 17
80000 17
100000 17
--------------------
1 1
10 4
100 8
1000 12
5000 15
10000 16
15000 16
20000 17
30000 18
50000 18
70000 19
80000 19
100000 20
--------------------
1 1
10 5
100 11
1000 17
5000 22
10000 24
15000 25
20000 26
30000 27
50000 29
70000 30
80000 30
100000 31
--------------------
1 1
10 4
100 8
1000 12
5000 15
10000 17
15000 17
20000 17
30000 18
50000 19
70000 20
80000 20
100000 20
--------------------
1 1
10 5
100 8
1000 12
5000 15
10000 16
15000 17
20000 17
30000 18
50000 19
70000 19
80000 20
100000 20
--------------------
